Average: 75.52971683606847
Stdev: 123.82622902410688
Min: 0.040665
Max: 1901.617270
