Average: 2011.6056224321128
Stdev: 1547.0692744741887
Min: 0.082997
Max: 9462.092697
