Average: 67.83848313357892
Stdev: 86.80675468857088
Min: 0.052170
Max: 978.849468
