Average: 76.47739294867756
Stdev: 96.29670789906594
Min: 1.902611
Max: 1454.288229
