Average: 75.8169032262743
Stdev: 104.0146886625911
Min: 0.130212
Max: 1824.523019
