Average: 362.6499734112386
Median: 7.444692369158645
Stdev: 569.1916313770687
Cnt: 4150
Min: 0.004991
Max: 7325.519897
