Average: 341.31182553449935
Stdev: 424.4900621212613
Cnt: 55964
Min: 0.004167
Max: 9023.729127
