Average: 362.6499734112386
Stdev: 569.1925098151669
Cnt: 4150
Min: 0.004991
Max: 7325.519897
