Average: 343.16095178262924
Median: 228.6831285887988
Stdev: 424.89390799207774
Cnt: 55662
Min: 1.002607
Max: 9023.729127
