Average: 341.31182553449935
Median: 227.55282381014968
Stdev: 424.4888842357504
Cnt: 55964
Min: 0.004167
Max: 9023.729127
