Average: 365.8192164673886
Median: 9.311724962170388
Stdev: 570.6630123493834
Cnt: 4114
Min: 1.058000
Max: 7325.519897
