Average: 192.20973708648827
Stdev: 305.2249794594852
Cnt: 9603
Min: 0.003890
Max: 5419.899636
