Average: 192.20973708648827
Median: 5.763347771049666
Stdev: 305.22334131917756
Cnt: 9603
Min: 0.003890
Max: 5419.899636
