Average: 169.87291772435756
Median: 101.51402939723948
Stdev: 230.9159469544807
Cnt: 120854
Min: 0.001400
Max: 5359.568439
