Average: 170.82003083485276
Median: 102.5903810929099
Stdev: 231.2120433488832
Cnt: 120182
Min: 1.001644
Max: 5359.568439
