Average: 194.14546146773645
Median: 7.1325955180700475
Stdev: 306.1489891991379
Cnt: 9507
Min: 1.003772
Max: 5419.899636
