Average: 369.92614918020365
Median: 37.19806861082907
Stdev: 635.9842039543028
Cnt: 80545
Min: 0.002163
Max: 9208.441854
