Average: 457.02561070641764
Stdev: 868.7318616878844
Cnt: 3674
Min: 0.053979
Max: 8364.896253
