Average: 457.02561070641764
Median: 1.271876196930748
Stdev: 868.7312861361087
Cnt: 3674
Min: 0.053979
Max: 8364.896253
