Average: 369.92614918020365
Stdev: 635.9849901368649
Cnt: 80545
Min: 0.002163
Max: 9208.441854
