Average: 458.64677978394167
Median: 2.5000060954835135
Stdev: 869.8454800976705
Cnt: 3661
Min: 1.110857
Max: 8364.896253
