Average: 371.4690289941249
Median: 38.43376129214971
Stdev: 636.8617391699069
Cnt: 80210
Min: 1.004070
Max: 9208.441854
