Average: 234.63336847541828
Median: 28.738895375794527
Stdev: 411.4136754383398
Cnt: 132187
Min: 1.001127
Max: 8922.641434
