Average: 312.8173617696973
Median: 1.3644586031696235
Stdev: 600.3778449340729
Cnt: 7165
Min: 0.000501
Max: 8493.211674
