Average: 232.57051683261218
Median: 27.83203568038016
Stdev: 410.18122371056523
Cnt: 133362
Min: 0.000129
Max: 8922.641434
