Average: 314.835582325674
Median: 2.542669509373809
Stdev: 601.7875167798495
Cnt: 7119
Min: 1.022162
Max: 8493.211674
