Average: 51.15065186517513
Stdev: 73.50627914180055
Min: 0.008865
Max: 1512.366033
