Average: 40.22225423410098
Stdev: 59.68109194788875
Min: 0.003929
Max: 1388.139164
