Average: 40.841298788984666
Stdev: 64.14429131237998
Min: 0.044024
Max: 2495.084093
