Average: 52.40029133654462
Stdev: 72.30686834600014
Min: 0.004977
Max: 2525.306664
