Average: 169.87291772435756
Stdev: 230.91811223436878
Min: 0.001400
Max: 5359.568439
