Average: 36.47397204419084
Stdev: 29.867609664963894
Min: 0.203214
Max: 344.781645
