Average: 38.17556374264376
Stdev: 32.49071773022306
Min: 0.000461
Max: 632.512705
