Average: 312.8173617696973
Stdev: 600.3786777423742
Min: 0.000501
Max: 8493.211674
