Average: 42.68441194965587
Stdev: 39.050634605660704
Min: 0.235241
Max: 448.411834
