Average: 47.73586401737442
Stdev: 61.761058908430535
Min: 0.003269
Max: 10000.000000
