Average: 232.57051683261218
Stdev: 410.1824426821518
Min: 0.000129
Max: 8922.641434
