Average: 2012.2152007420666
Median: 1589.6918424990126
Stdev: 1546.9070621410401
Cnt: 13197
Min: 1.269256
Max: 9462.092697
