Average: 2052.835209240146
Stdev: 1644.1732009432
Cnt: 1066
Min: 7.306392
Max: 9007.019872
