Average: 2052.835209240146
Median: 291.12514623940706
Stdev: 1644.1728968389573
Cnt: 1066
Min: 7.306392
Max: 9007.019872
