Average: 2011.6056224321128
Median: 1589.411129038379
Stdev: 1547.0689512824217
Cnt: 13201
Min: 0.082997
Max: 9462.092697
