Average: 872.828662010523
Median: 604.8441296106496
Stdev: 684.5042264378068
Cnt: 44124
Min: 0.172330
Max: 7403.725595
