Average: 873.0263741303598
Median: 604.9612836638975
Stdev: 684.4558186587061
Cnt: 44114
Min: 1.009954
Max: 7403.725595
