Average: 694.4353922550254
Median: 119.95198989502069
Stdev: 562.0072352119695
Cnt: 4986
Min: 0.063036
Max: 5378.895184
