Average: 694.4353922550254
Stdev: 562.008124879527
Cnt: 4986
Min: 0.063036
Max: 5378.895184
