Average: 694.7138538176372
Median: 120.76121135149629
Stdev: 561.9480134984562
Cnt: 4984
Min: 1.112758
Max: 5378.895184
