Average: 872.828662010523
Stdev: 684.5049568930967
Cnt: 44124
Min: 0.172330
Max: 7403.725595
